0.21780329793098613,-1.1761251950036666,3.0194482280994874,-1.4769342381118127,2.0081759002230593,2.437067424748741,-0.7662398289875164,0.6686862288872887,0.5842189544055684,-1.2240866476090702,0.5619518891768295,-0.5528426789558248,0.7883437481104152,-0.8739246880829165,0.8788148752397246,-0.03824243117375654,0.23027372560198328,0.47899350918108474,-0.4148520004409475,-1.4901312406756178,-0.7080622521970517,-1.481316898694451,0.8805248138254922,-0.2798539645644524,0.6710615742242072,1.8892745687041326,-0.8816246383839408
-0.3741622029483308,-0.8269461413773919,-3.338247683983693,1.532767676378921,-0.4090157551702157,-2.549061171883637,-0.10507665178113174,-2.710373369493544,-4.376649828932467,2.9104026920044097,0.29677465109338286,0.6471041747454279,1.771466253885233,-0.8013070201402459,0.5263191340823994,0.5388907948214392,0.09919552865801305,0.1310598484769401,0.27097410924311155,-1.2429113087851722,0.8178711672230212,-0.3063834799961604,0.07190978475993368,0.09488356693255354,3.4921021304065483,1.363396937188613,-2.0695921613849624
-0.4600179078553626,-0.867960736829814,0.02362156085137393,0.7482242554934763,0.969160865310564,0.6507429035509199,0.1575855973018319,-1.1721856130082218,-0.850687890433719,-5.430306272684517,0.4155768363310698,-0.42595381886038325,1.3907671979686298,0.047923607502460046,-1.1241308414691888,-0.9502346423132738,-0.24383446932941927,-0.41937252656504004,0.25889610871027163,0.05770343825726447,-2.4768193390161155,2.2179190380377243,0.42762520617974753,0.5925167455338578,0.14981388156776448,0.8834772218750911,-0.042423905930467645
0.5365524454648314,2.4254381970325056,0.057417951111494996,-0.886198933544845,-0.3982391584161208,-0.7579742326660878,-0.8828428425586632,4.743946766307937,-0.5889660481112422,-0.28915759657827156,0.537991388594336,-0.8186811540452842,0.42808206602889476,-0.30144062123705745,-0.41925411515166133,0.8966751386668317,-0.3183088374423078,0.29631504304735207,-2.1116312429833624,0.5102359587504102,-1.5451179995671995,2.9264954686505193,0.9933488626639645,-0.5078518763718355,-0.3123581617189384,-0.45961155412568305,-1.1763803567603444
-1.0683681623109462,0.6768871616781394,0.9694722495242962,0.30578226069219194,-0.7930460937613235,-0.07963756808152032,0.15494974838122288,-2.080890576244383,0.02159028279531788,1.4063787702114505,0.17008042821777009,0.3616874898977684,3.061655596483137,0.05736529174280029,0.5790588193047449,-0.14110880633247275,-0.8137530412109266,-1.9916407663963562,0.2913938854844616,0.031862124341478025,-2.1450797076715804,-1.1046775865480847,-0.5072908594119653,0.6826675858193195,-0.5697465582647521,-0.535720895746117,-1.1850104303224576
-1.0053511740994225,2.54936554843679,-0.7527147529134873,-0.23842878219253222,-0.6017633776059867,-1.179472298784712,-1.0614517070332434,1.824313432692955,-0.9303230592592275,-4.437026014082805,0.06910099364480306,0.542368656078971,-2.390094050633155,1.4681924716762036,-0.8802929488086942,0.38206549733200984,-0.49637140146401126,-1.0076401986107224,-0.7921680497943597,-0.28499990296727096,-0.06395929494485715,0.9340911299778099,0.7830512825114059,2.2135710300817006,-0.3579006421869814,0.6754691415820071,0.1722939482389238
0.831930798731804,0.5024813148809835,0.6584917289361134,0.40734850437831477,-0.3470983789529919,-0.40241329267800857,-0.32615344399651525,-3.8627691941914497,-0.5662317873647871,0.4371261642334269,0.41883779126004594,0.5050981367113585,-2.5773554852157416,-0.9220712285619238,1.2287603645933678,-0.41463426006093973,0.6586282650930312,-3.9208637785394522,0.4226338435966876,0.2520404792778739,-0.7749935829837606,-4.829147103868009,-0.8533298809623076,-1.121329050800318,-0.2689660413842638,0.5060757635498649,1.046399480722954
-0.8099401576784467,-0.37195875240426457,-1.0519163191346184,0.7502593410777703,-0.09300590793762116,0.37703311499423453,0.06258076075618416,-1.8357953530112625,-1.2716872140543363,2.286335373008828,-0.04867282610532824,0.09389539327086466,1.1878968880722824,0.23706031611014955,-1.1836939507434938,0.1650480282876101,-0.31591773056690964,-0.7073752956592435,0.05943374188235362,-0.14614167741109296,-0.05010433988084596,-2.9943014985847594,0.15351640264417687,-0.9015784721137818,0.0060156288818424474,-0.21374576860627525,-0.6466108817161068
0.2650863979314699,1.7760376376945501,0.22214996605082857,-0.5253660469833292,0.1067407562688663,0.35138689954602453,0.38739315293207127,-2.963845144167242,0.16264941827935486,-2.1021587978305303,0.8419037827380339,0.6689531124432688,0.4426333760098015,-0.25840315323978197,-0.5363758520073859,-0.22446161891279764,-0.6577788782893702,-1.6377672538168717,-0.4686615347939195,0.009379693939364844,-0.8852368492528636,-3.2011445680210384,-0.5224627239304165,0.079581180699842,0.48357190643865966,-1.1047766832197665,-1.3852050354620573
-0.1510938509247761,-2.159760536992233,-0.5904400653961469,-0.6426609613936665,-0.06235034220903167,0.8412974101116175,0.7710323002366448,2.726818885770893,-0.78000443251505,-1.903975357487139,-0.08744293115959893,0.3074783113098597,-3.2991629249445857,0.3370370179444297,-2.402857776081669,-2.8576941911664124,-0.3618268832002582,-1.4071690630854077,-0.6756835591658326,0.4757105814707897,0.7154493606806547,1.3801888367946216,0.19877201489758334,-1.5476639029171546,0.010591406124052126,-0.22228497722005788,-0.9376850939808569
-1.4879250546067035,-1.7163519077209188,-0.2658056594660808,-0.3578729401477793,-0.13796605043897084,0.9846948711128138,-0.09252205993245198,1.9387293629635445,-1.7980072890660235,2.48486001414625,0.2871881361277669,-0.2792040326977268,1.478969405868813,0.4635785777897356,-1.5290871442410563,-0.7445942592976499,0.3648126418041915,-0.6276921889040855,-0.030194126734015964,0.6755049347489088,0.11798650122304413,-0.25957786871944244,-0.5942120190345007,0.8239101400710686,-0.039865275060986256,-0.31374594629105607,1.4916782427129303
-2.0319798956623765,-0.10826965668679206,-0.11489395276266097,1.4527215235514295,-0.9726117874315072,0.07028688521740759,0.22080831980458154,-1.2775737214418865,-1.216560098705342,-3.6107461222973822,0.5908305843098571,-0.7915599761244115,-0.2559257875077446,-0.2412651079702087,-1.8847088605611635,-0.17841683784866746,-0.09866686839548605,0.42881956238013735,0.10170244168571355,-0.13430202078342687,-0.8796822581744117,0.34722459521658167,0.6523038186286659,0.38147452803757353,-0.2695558504808085,0.06933167150354257,0.4604524440853762
0.19250831976446375,-0.08657347869555644,-0.3989793714394975,-0.05578214209680912,-1.2161343035818724,-0.16651663779265286,0.2345107344987753,2.793022723005598,-1.642674108609842,-1.173602476803599,0.491633170481397,0.5482682936079436,-3.6079463527571844,-0.14874627946186958,-1.5901028768982326,-1.0246654794152235,0.4669582729543925,-0.16570536416134873,-1.3518791090342888,0.6692483794323649,0.5818147053995983,-0.9542629558074097,-0.03324166905017389,1.0433540577319929,0.12103807831718502,-0.17369099892398476,-1.5636268767653219
-0.370263787112352,-0.8238401590410098,0.13789945021195205,0.891423905449059,0.0803066629159465,0.42926950236891276,-0.24395044935965887,-0.4633625911121885,-1.3221030638681215,1.2374449975427873,-0.7175209270662907,-0.14591473123620619,0.7655119745807094,-0.3813107363851643,-0.6364926626825632,-0.6605857208656792,-0.574215749605667,-0.6300121986993407,0.30230153708344687,0.8594012797423992,-1.4829776869623645,-0.9333691784087723,-0.11968015931979051,0.12924508962052114,0.10153495747541222,-0.3296554171520119,-0.5983340462058816
-0.6493413987482154,1.0055999071061037,0.7889574989354691,0.5571139440042489,-0.032869364911083686,-1.0774017900534147,0.14922469609813935,1.5419497960757562,-0.9754655672328377,-1.2904763012548204,-0.46977911154337254,-0.8948965121687829,-0.1065542853897457,-0.9691810878987672,-1.2097776437265564,-0.36570666415476544,0.29716748487309474,-0.36685610880060604,-0.5328191617796695,0.09150038270129908,0.1828310007078572,-0.19482923306905822,0.6765188160347938,0.4231658611022967,0.28439075861410834,0.8036422997104803,-0.6812306018913225
-1.5300189757327416,-1.0034565670389801,0.3890156038588224,-0.3442163817284215,-0.3330526144834732,-0.3968638356608552,-0.5268770242069819,-1.3287196123363967,-1.4777218048087815,-0.3439208043608968,-0.21886090688966778,-0.33137952252481245,-2.46480237967916,1.4596068300452205,-0.38410413921664976,-0.06162828765733838,-0.8559073665637679,-0.6138628124809308,-0.732844265715965,0.6978718827067879,-1.0472918618151321,-2.514216561277278,0.5649415173888974,-0.46938608012452804,0.6995046495981498,-0.5522420582935383,0.31135385939543025
-1.5557171720076877,-1.2450116644385247,0.541316448063054,-0.21236966367001375,-0.5688844307220969,-0.5698743692480422,-0.39951951752406123,-1.7083552712264054,-0.19897579863250817,-0.8135132736796118,0.4978654069596994,0.26011098097830626,-0.39688433164117054,-0.02581945618098746,-0.20317348289326484,0.4752393208088922,-0.3834030698783555,0.29919350217747415,-0.4100380358133107,0.5426060624118761,-1.3817333513526497,-0.4207178428707812,-0.45184399705131806,-0.4744963015010549,0.8013663124986021,-0.003257723407365287,-0.16357844894422943
-0.5645888938236696,-0.400288278259101,-0.5279568293707962,0.5018106405416126,0.4628310095846758,0.44957792380103634,-0.5954308038878608,-1.0493506964218688,-1.4886634858392425,-1.541562807990895,-0.27016823819660873,0.45081062088575186,-0.5146775127490584,0.2575879074657341,-0.3657898479817854,-0.39113163751677676,-0.6401743960900151,-1.1895958097646688,0.13553341544445596,-0.10859837967085342,-0.4359058244516046,-0.2484967297750438,-0.7626125208913677,-0.7558858747576798,-0.29204763037582426,-0.2663434776940198,-0.8504305975738535
-0.8190971168447663,-1.1327362812169046,0.709694546207362,0.7015472366973171,-1.1223232534311998,-0.05363763439774836,-1.2490493583299482,-0.7632943589776892,-0.1434511707528884,-0.3307552617863611,-0.3153440083114849,0.7402767958489537,0.5966098738008992,-0.8359815459963656,2.9615305566238725,-2.185879532640779,0.2909974821819505,0.5566060942056342,-2.155152627843007,-1.3383820306020757,0.1244184071626514,3.9140029832654912,-0.5337350540836134,-1.0040744557912493,-0.7420827540770633,-0.4066977494711606,-0.6839341097935663
-0.62633208163966,-2.3150941409498405,-1.40569900053636,0.9200557176552294,0.589553812637437,-0.1723907260003508,0.11554172514586361,-1.4220775933433532,-0.9344260574998486,2.620278776064491,-0.5885475277227156,1.2289026529722293,1.4467220644638341,0.8777006706097971,1.2415304746935263,-0.5060390019642329,-0.21461506473419167,0.033677972183450186,-0.759860207601286,1.3425817218732592,1.0376617656533045,1.278753379650266,-0.1976564545399187,0.16642409305777714,0.6022963556816933,-0.12305061257827934,-0.29826246095102393
-1.06769532070441,0.5687459813410131,-1.4261659186254882,1.0857994031571434,0.6427184256297503,-2.0864162973458176,0.07829617071341483,0.9088610382773258,-2.3599376132564887,0.2277929419568708,0.8108400692639974,0.9438030347925576,-1.4648092171451952,0.8642903296410469,2.0721514263160405,0.6933230192455934,0.45976805301726853,0.5511543815630867,-0.8980065912433691,-1.035080304224087,-1.8557278643466264,1.9820187583328537,0.2194914900416187,0.365229780451027,-1.6514053130893036,0.5495622496286237,0.5722597597098404
-1.886398258940382,2.091704209805643,-1.0341204973762446,0.1856863818054755,0.8978571936944636,0.18094383699269537,0.5359092733970693,1.7557547409838836,0.46877977017179395,1.8690506699342972,-0.9636839647773983,0.39942883981571314,1.7363819340158742,-0.34218242276697236,1.6894935850970236,0.4506514716773414,0.2645249602497449,-0.8320519174239986,-0.763353305423753,0.5469225817006196,0.5451522533291637,2.691325226264139,-1.3143656349901744,-1.7572787564841488,-0.3027415251801774,0.191343147385273,-1.2311300015972424
0.2564005370832776,-0.8899533466152907,0.43492641519937253,0.4796964569970585,0.3276848998847032,-0.372861488314021,-1.0236682987297505,0.4278344957816817,-1.0436386128869133,3.0297682648875512,-0.3950837185742843,0.7590021814119403,0.867285986492024,-0.3647861782884907,1.4683584008656663,0.18217326401937203,0.040844008348596715,-0.4547266841296448,-0.04228121028925087,-0.267211264882136,-0.7841172969025664,-0.5330381435883579,-0.21499678375439768,0.10313566189374884,0.1170648908988867,0.30267990243443543,0.09285094307922907
-0.08431636102670008,1.4780192833985544,-0.6676946774807688,-0.7052156030350146,-0.7212344516496088,-0.4201003976409407,0.5725276046221202,0.7040634737015582,-0.417957840148596,0.9880381988499767,0.4617425818465309,-0.6833240295228873,-0.7030285927135437,-0.6355229947362192,2.097500101843705,-0.40484590986441943,0.35171880511619763,-0.8095774883970452,0.36291864461068135,0.307666255178706,0.03183399629201747,0.2984485990811832,-0.13879766602962273,0.15848745035231834,-0.7414399718313749,-0.07106039387116823,-0.8868143803499338
0.5777897456769907,-2.1792425030162765,-0.05683800616803658,-0.9647070988274228,-1.1905878012304247,0.8606128036752322,-1.0106017179503881,-2.240491623632312,-3.1333756681603684,-0.6121790124710258,-0.7169698853951293,0.3252853406277076,-0.6388524765048702,-0.11051854128233857,2.116541453726073,-0.5332367285274304,-1.2026266228159823,-0.5496380102394733,0.5016538331900822,-0.728899374426712,-1.2109923436940984,1.221882237340536,-0.896770104962497,-1.464537067471826,-0.7888208037928095,0.7977830891296208,0.6105944250023914
-0.4312196586986086,0.22058241580635812,-0.7880532274220534,-0.9472577292217438,0.14752597713701465,-0.9014705410793374,-0.25554907541500776,-2.0818318938135416,-2.0425310122358202,2.281397226404498,-0.2415314648700504,-0.40302714973190384,-0.14642785531013433,0.6711908573074628,1.575293342481245,0.27329439582799175,-0.6032768030376902,0.4098684183536371,-0.23300106186603492,-0.5140037024723185,-0.4863690950479518,-0.5273649665064173,-0.28803624133355415,-1.8846077882458818,-1.2598860393651208,-0.4377635182460445,-0.07513171629855221
-0.8901434862206947,-0.7214926501885129,0.43432259453174693,-0.22053983350851983,-0.9758548816990932,-0.8282125579223233,-0.14456139305573537,-2.123146064161536,-1.1245125038334283,-0.4006429195094564,-0.49468457883037104,0.37595036015169525,-0.8839136004063627,0.7668358471918943,0.7500118480239308,-0.4418535816573725,0.40370494535225476,-1.1832238144576144,-0.5585582719005892,-0.3228663920470933,-1.1116332587849151,-0.12223816900539906,-0.05867547977020667,-0.7558785829895704,-0.3430755424655993,0.11392964469617564,-0.2631293007411131
-0.021107195928117165,-0.25322836020629025,1.9982966485135012,-2.077741717939833,1.70763480465769,2.7717148798609994,-1.182738387014497,1.0812266396373866,-0.12097633031261763,-0.7567122419864547,-0.2736038476370745,0.4954368748653912,1.1293619701527666,-1.3331680958129077,0.3480775160204461,-0.7750403876060519,1.2612283684608614,0.949801858657237,0.13644938436167983,-1.6613992537348443,0.40537475661065786,-1.0571405902442117,0.3915896579010488,-0.256292834453054,0.9785550778282435,1.950832430749506,-0.4554787899401829
-1.0890751049647935,0.46292873021271785,-2.3080834384473867,1.1227121265382627,0.39479447710112003,-1.0088348978344663,0.24767221310174262,3.0018097822101892,-4.689866322736697,-2.8992778836720188,0.39510688864015414,0.24194061174847695,-1.950784198646,-0.9122592651067611,-0.39761361756013547,-0.2121905616139968,0.6550373956119862,-0.6787877761231363,-0.45470147139019423,-1.589463869312548,-0.4547057754730755,0.633789354200167,0.6621193244162049,-0.8263619183121672,4.282782650804058,1.4469719941208878,-2.059552545662355
0.28243378449982415,0.7701482318203766,-0.4136468363567999,1.201660328626937,-0.06598108703757928,-0.8364475721535415,0.39233130810317074,1.0414391091618467,-0.455456147544513,4.908987853385315,-0.6819638447588221,0.44930345462146587,-1.3246377283614177,0.6128065498105606,1.6146111593286223,-0.8842583538663575,-1.400743312904896,-0.4840868396935563,0.5047886418910547,0.1655881004860738,-2.5505018798153403,-2.2104654477151144,0.6688011007573793,-1.1801273823566198,-0.5201524695504776,0.9663731844175442,0.5837884580807745
-0.0490563388417687,-2.6852140147592407,0.4664143244855468,0.03336560396557223,-0.7691259383008275,-1.332789086631133,-0.3746013169834349,-4.7253448751359945,0.9975995574085249,0.3225648799331897,-1.4609486599661108,0.5958910470802191,-0.3424349250312566,-0.6619542339509534,0.5171967840303281,0.3240027949747667,0.20201520893739436,-0.3313646737234728,-2.0476180042173175,0.53623019611305,-1.0940156780254695,-2.6626181973194702,0.7461869519316618,0.09334940357238866,0.18430321698360014,0.19851816429570918,-0.9885185684621832
-1.4653548638912821,-0.636693636663312,-0.18494194130171743,0.910658109722043,-0.6242037694406731,0.14971595243544916,-0.0014404300061644285,2.573492513559244,-1.2717570589832752,-1.4899313703411043,0.701501570678955,-0.1219649256858058,-3.025917464614411,0.22650715248233352,-0.41343063783147105,-1.264219916312541,0.6159349926351425,-1.2714371840764471,-0.29055852501079277,0.3500760124695704,-2.2198839319822783,1.0151334623517159,-0.43227143138044627,-0.5174625116810944,-0.4862169848267027,-1.0415273949950856,-0.6528461000893542
-1.2073258620330911,-2.2647104792176425,0.5788112842253325,0.6482546342631755,-0.5013243076535211,1.2290885162276322,-1.4049893154388657,-1.163669184628768,-2.74580627726051,4.057271322241085,-0.258179678944684,0.6717395339075496,2.5885519284101948,0.6120491922747083,0.5719312481851173,0.030448450317944048,0.03270434583921225,-1.4115210107371898,-1.2352167268854688,0.2998055604312406,-0.4743588003869823,-0.7018322200058807,0.7131659982109614,-2.105144051699763,-0.5970921804677176,-0.0882793593732132,-0.4021053357109044
0.3737345441158867,-1.0332020118209728,-1.08345561034034,0.09532525974360961,-0.2977059202079373,0.02406657287513088,-0.0024781601595328514,3.84960546814582,0.6372053161723011,-0.29642406593405396,-1.144907492814193,0.6577438933060343,2.6860542627637787,-1.1083691919981802,-1.2902449170247958,-0.2031519596328787,0.7660483638564052,-3.897043726008246,0.5479344622891386,-0.5192597657441506,-1.181023157212217,5.164577338761011,-1.1517785074315212,1.0838351033754385,-0.3671651646993666,0.37048979696054163,0.009238158984457219
-0.9377013033806245,0.5638388272062932,0.33151577159877554,0.2028073850891017,-0.37731907639494633,0.17695830693694506,0.4540714183363966,1.961883661514839,-2.343526952263025,-2.2936237455397706,1.144503671499266,-0.43862281038099,-1.4574761802757918,0.308398733940499,1.6606437945764532,-0.40078910127780726,-0.4470459951299099,-0.1507149833522643,-0.2344380386609557,-0.14507907651780727,0.6451302362421952,2.7343997168214944,-0.814279174735796,1.1120162078457252,-0.7651344232311106,-0.37889688746838374,-0.7660561501048181
0.728281890163709,-2.2198603582774434,-0.5794522452510545,-0.7762224940729443,-0.2898890515986514,-0.12012239555019627,0.22863363245594262,3.0241182426487185,-0.8126480289402792,2.4750850171893855,-1.2893249301509029,-0.1907493792051159,-0.07846216610154559,-0.25163529865520623,0.7253136463903433,0.18099694170374084,0.32774395748494783,-1.0338997232714842,-0.371117613270682,0.032717296297839794,-0.36317424608170046,2.891582341983779,0.05624837926046425,-0.2795374158671946,-0.2250703343860989,-1.586505609201381,-1.0192431690412571
-0.015272070798811752,2.4430151423734725,-0.6156732180300579,0.6137171265118887,0.20085259082112103,-0.028353855357929184,1.5043151450139562,-2.5603212699949482,-0.3909622363881495,1.7197780914871337,0.6096755665496206,0.5107088963393996,3.6873000239735045,0.7252775939636408,2.3392433349577706,-2.2657384405248653,-0.6844949434470629,1.0655020180776553,-0.3336669818847527,0.46221927876029184,0.7292948149207555,-1.3673799445576524,-1.462375994355253,1.6402151162536944,0.07135237028920621,0.23101511309008665,-0.817251449047366
-1.5992509791211527,1.3617186168328839,0.13546004204385628,0.1742275593285376,-0.294759130056895,0.11799012177443342,-0.4025059583700606,-1.776883249346109,-1.8849546534368098,-2.3482361429118592,0.18493429322062221,-0.5973891353812233,-1.5604077193270411,1.0613220093926077,1.5417930332627632,-0.652280369505819,-0.7110641574183612,-0.7336971413587828,0.44997061702097707,0.2602145372652485,-0.5775994431790765,0.045138785186380224,-1.3109973080606698,-0.955071726150838,-0.42078884592667365,-0.3067080463579142,1.3376147673594003
-1.7511165959754256,0.47752622114936755,0.22901178837457403,1.1355269607793985,-0.6034190932836793,-0.16039037813486406,0.2751472297687789,1.5219831415658476,-0.8752490864404713,3.0532273045721867,0.7828612139135458,0.22702851936707374,0.45581199633741937,-0.15696123963199402,1.6870560064219429,-0.6323547441568087,-0.5142211861830367,0.2941674604202032,-0.14628489938357606,0.16147219056447049,-1.149533026417175,-0.8477063230780411,0.889401869096738,-0.4330534101577716,-0.4585882205333285,0.07489645856367362,0.20084331819561316
0.5123376584908104,0.20573007497026724,0.30220327347146275,-1.103462281795628,0.15123876765244748,-0.3193035252787476,-0.3004475054644294,-2.478890967453137,-1.5226192528497478,0.8788912892954873,-0.6813244175306649,-0.23875554488863732,3.617513968013844,-0.6025959544041587,1.4539101570934847,-1.1356679880758467,0.015219499970960363,-0.465879565086777,-1.319369614045479,0.8937872830133988,0.15568581159528722,0.8008072660888544,0.48916527473737254,-0.9544249790001395,-0.5928132830279566,-0.33534898907573674,-2.4685631632616234
-0.16188343080793768,0.5293768758123454,-0.727361105385454,0.31144417548742653,0.09168035895622648,-0.5344854517507945,-0.8750237601332617,0.568772442110616,-0.9345280972670116,-0.9774738706856638,0.18673004409831848,0.7225421198016696,-1.0867578388514947,-0.7588050116255414,1.0455576976683223,0.43002717510941807,0.1008275983560217,-0.1103617351838174,0.4715881258602927,0.014955794412340571,-1.334532489190987,1.1107374002575374,-0.11797052224696541,-0.3336574771247448,-0.40467583409705987,-0.3921140470569806,-1.38792462828499
-0.8876056934834345,-1.0185945274871406,-0.027430642250281315,0.6732032000119508,-0.21505214944978643,-0.4508575231810673,0.22112229268836253,-1.4122050854432364,-0.7601196119316251,0.9320543811175374,-0.28046697869524084,0.34982229872756343,0.20101523635449844,-0.3894599199050942,1.5038052023589632,-0.22725360418472643,-0.19061806078763197,0.21508266685875,-0.6959509411131044,0.3608209833256983,0.1754984712273584,-0.10213828431105708,0.3333502855408047,-0.551439335882599,-0.6740883637367011,1.1677011123467893,-0.4054422380545459
-0.9047832280530609,1.092050230071407,-0.5207158793944452,0.05931599706278889,-0.05040919479280678,-0.07611765209213443,-0.6945443934074771,1.0851359390270146,-1.443610425429511,0.3132979408956065,0.39644455900858083,0.040561645548912596,2.695190294562868,1.144671047835001,0.5492796859744099,0.2956432867640432,0.08308308444022444,-1.8804353097613193,-0.9379019443137979,0.8158074272808881,-1.3086165709055906,2.537776166836797,-1.4222212651292097,0.5888491650385244,-0.26782306941868006,-0.6383617032757056,0.15491965988998693
-1.364725120313361,1.2105923651847872,-0.13284253756302145,-0.07028579816945925,-0.7471201662900295,-1.1133938089593531,-0.2844247856830147,1.940725271909166,0.8375557134934497,0.6710726257447505,-0.9672793718285612,-0.05434311805208571,0.004200412600345101,0.8355625857056378,-0.05363853053731443,0.39760384969550705,0.23484896020953552,0.13933056277116024,-0.5018629388203544,-0.07707726679450992,-0.7551724751390748,0.24734028461542207,0.3967868505340448,0.685788501446433,-1.0258689655157438,0.219996888573098,-0.37944365801197905
-0.9035841160673218,0.12014160425572462,-0.27436684291988317,0.5411205115132939,0.2535115006357263,0.040273621023538646,0.054323801407308345,1.4573407846116027,-1.661614537235759,1.6658428575484299,0.3381440239053648,-0.34702755030630705,1.0070170286597637,0.33823879309267707,0.705864022563942,-0.2985869909746853,0.08939269981193051,-1.2033250384370722,0.13533204838643975,0.3068167253046654,0.42508546705042993,0.12218324382356308,0.45690202936348123,0.7870724119606465,-0.10824604755597024,-0.8895676064781921,-0.5112839862738107
-0.7397682083877009,1.1248259080432086,-0.3126212502451167,-0.07108765759826711,-0.1285412844486515,-0.25749416588145463,-1.133620270974147,0.9110773233375187,-0.8753263902737851,-0.0770726725721788,-0.7842748390304848,-0.3057015894360448,-0.7279008674561501,-0.844884161810698,-2.7662408077407954,-2.6350833627737296,-0.2734321043046568,-0.8346675338746609,-2.404630687001261,-1.5922669825001468,0.21901163295466142,-3.6771737066052768,0.7863405421169327,0.6229674994188209,-0.9680881029521547,-0.6714642850225725,-0.39577812634357906
-0.8021772482527312,2.082083212003085,0.7462232314025418,0.5358905215239937,0.5256564894583848,1.1223954572827672,-0.6352692778849287,2.0620895393749814,0.42419041954418224,-2.814342932511577,0.7223645309043254,-0.6028567420359806,-1.465679751793764,0.6482034300523831,-0.9723064761510312,-0.8707641535056271,-0.0012516868721686395,-1.1995057736063388,-1.2943779018346386,1.6249144671440774,-0.11723567643647075,-1.835803335460334,0.4487311935693309,-0.3226928796926769,0.5167074928241371,-0.26047851570905156,-0.43329878629611246
-2.237760421345508,-0.9595468101303536,-0.5712068634379414,0.6135627792335421,0.5666443903928864,-0.4317369121026039,0.03203786531860765,-1.0314687224476835,-2.924130794368272,-0.17352001173283665,-0.8349047727460651,-1.0866426739092563,1.5860652239193336,0.4671784407507615,-2.316819586560415,-0.35102636731435793,-0.8957971007970953,1.0060143300941202,-1.683028549184537,-1.0999384521937683,-1.3723841059274577,-1.643273432512332,0.9999771269377646,-0.3202564831724173,0.20400657756330523,-0.027268968806040697,-0.31648369164883117
-1.866041069465842,-2.1309697455752,0.5574673129105815,-0.772402029194093,0.576683662523664,-0.9719746936333007,-0.1297868365638534,-1.5424670652348196,-0.7122471749530158,-1.3801673801537204,0.6143550079414825,-0.8242590339194957,-1.7613105903830846,-0.8697462190837719,-1.6775069874953896,-0.17991610325834143,-0.06211306778610679,-1.0908459773744517,-0.05601447670576526,0.9560072853768071,0.19229203932689526,-3.339465869168363,-0.23063814222705878,1.3120783768040112,-1.0159115209766767,0.004075027029983087,-1.0723250192708296
-0.45445332002074373,0.8099466536746772,-0.45242791154191997,0.36153277640469367,-0.2001281084909144,0.39143816795891173,-0.9534827298819932,0.034439306443948894,-1.383961526337574,-3.058073222570152,0.4755389760722441,-0.4523756317587845,-1.088466497424648,0.251452169750027,-1.4698793980246547,-0.8527071491699554,-0.603040741854789,-0.3620215371930354,-0.3351523549850281,-0.4406431103297012,-0.4774399959139998,0.16864541326956156,-0.7923085879689874,-0.533334844979536,-0.11804040598552717,0.16669597761964466,-0.1274709220295064
-0.6882543917552845,-1.9590717012793666,-0.46482846623723834,-0.681681641559563,-0.26891932875436964,0.6479045942907494,0.10211054833605138,-0.914450208057502,-1.089643969515343,-1.323131443783362,-0.5476760193378687,0.298048213364967,0.37628402239808667,-0.7631522279955703,-2.0632303467321225,-0.17322004505455416,-0.4525349521340758,-0.4012951435053005,-0.535200922973049,0.3714487278823353,-0.7141051348472867,-0.2898296015508624,-0.4817630409267834,-0.7566406387700012,0.5347726263060372,0.8727240037541472,-1.4393197245406324
1.0388795346439061,2.2137333249431768,-0.39663611339747834,-0.09653081832949284,-0.9627255711238232,0.18642781738250924,-1.0508964072923421,1.6190541749431568,-2.8657567635572088,0.31216778216123353,0.035160341960916934,-0.24385718495383082,1.242810119018922,-0.3220651269270781,-1.5025979621285104,-0.6866210822431058,-0.7951021874648104,-0.5971906046173596,-0.05631021118482015,-0.49683547644759596,-1.0106466553213633,-0.8853745655377149,0.7506876847624915,1.3367490758891531,0.2800635695344557,0.8948402083768912,0.1655717949686652
-0.10884349289579681,-0.35428422694647954,0.010408428695606771,-0.8312780103990469,0.4241214105264558,-0.2634859947298192,0.24273200964014846,2.44302795266597,-0.29980719527741695,-2.4823515238596356,0.03532253165402789,0.4249224233535127,0.2733280329102923,0.4813043576976001,-1.6446983948794847,0.5873677443414937,0.1694089915911014,0.17072807330319945,-0.47249368994692653,-1.0420882853808673,-0.8587519385950764,0.3193732756857059,0.09288538063411836,1.8147467125274377,0.34409167367498045,-0.05639549995324706,-0.33623158829395017
-0.41811164205667667,0.6411973584177093,-0.38541007152228457,0.28355720238921783,-0.5528591117211087,-0.12152763087213835,0.3425584604028526,1.8877535053694066,-0.49401839483506516,0.7549892623681264,0.33255531579043174,0.48572331000392854,0.8797247519550297,0.0038577759524253716,-0.6204971797068008,-1.1387922068210692,-0.8194285323231882,-0.9702511612195062,-0.27053079289924864,0.9996544020075158,-0.9337963066735345,0.2067527575378955,-0.8120265333042952,0.8979572762428476,0.39491613021287725,-0.2879269681517256,-0.5983856364784048
*
5.242601113421647
-8.804430936006728
-6.19879729131267
2.508112625000941
-4.250600835018359
-5.019629920985151
1.4513082241857562
12.073831619375117
8.50700185360637
-14.669686010548265
-2.6552875891384975
0.24724653274004374
9.366460078659395
2.554116910427762
7.932823289243368
4.856979459670545
-2.086363613036138
5.571899356821619
4.1999984820026794
3.2340451561459878
6.484661352386974
-13.103635666540264
-3.062225678714189
-5.4375189311953065
-6.563816660994777
-5.255030655701848
4.6779972462728985