1000000000000000000000000001000000000000000000000000001
1000000001000000000000000001000000001000000000000000001
1000000000000000001000000001000000000000000001000000001
1010000000000000000000000001010000000000000000000000001
1100000000000000000000000001100000000000000000000000001
1001000000000000000000000001001000000000000000000000001
1010000001000000000000000001010000001000000000000000001
1000000000000000001010000001000000000000000001010000001
1110000000000000000000000001110000000000000000000000001
1001000001000000000000000001001000001000000000000000001
1100100000000000000000000001100100000000000000000000001
1000000001000001000000000001000000001000001000000000001
1001001000000000000000000001001001000000000000000000001
1100000100000000000000000001100000100000000000000000001
1010001000000000000000000001010001000000000000000000001
1001000000000000000001000001001000000000000000001000001
1001010000000000000000000001001010000000000000000000001
1100001000000000000000000001100001000000000000000000001
1000001000000000000000001001000001000000000000000001001
1101000000000000000000000001101000000000000000000000001
1100000000100000000000000001100000000100000000000000001
1001100000000000000000000001001000001000000000000000000
1100000000000000001000000001001001000000000000000000000
1101000000000000000000000001000001000000001000000000000
1000001000000001000000000001010000000000000001000000000
1001001000000000000000000001001010000000000000000000000
1001001000000000000000000001000000000000000001001000000
1000000000000000001000001001101000000000000000000000000
1100001000000000000000000001001001000000000000000000000
1000001000000000000000001001100000001000000000000000000
1001000000000000001000000001100001000000000000000000000
1100000001000000000000000001001001000000000000000000000
1001000000000000001000000001100000000100000000000000000
1010010000000000000000000001001000001000000000000000000
1001000001000000000000000001001001000000000000000000000
1000001100000000000000000001001000001000000000000000000
1100100000000000000100000001000001000000000001100000000
1100001100000000000000000001001001100000000000000000000
1010001010000000000000000001000001000000000001001000000
1010001100000000000000000001010001010000000000000000000
1001000000001100000000000001000001010000001000000000000
1000001100000000000000000101000001100000000000000000101
1101000000100000000000000001101000000100000000000000001
1000000001000001001000000001000000001000001001000000001
1001100001000000000000000001001100001000000000000000001
1000000001001000001000000001000000001001000001000000001
1100001010000000010000000001000001000000000001011000000
1110010000000000000100000001001001001001000000000000000
1101100000000000000100000001110000000100000000010000000
1001101000000000000000001001001100000000000001001000000
1010000000010000011000000001011001010000000000000000000
1101000000000000001010000001101000000000000001010000001
1110001000100000000000000001110001000100000000000000001
1100001100000000100000000001100001100000000100000000001
1100001010000000001000000001100001010000000001000000001
1010001110000000000000000001010001110000000000000000001
1010001110000000000000000101101110000000000001000000000
1001100000000000001001100001000001001001000000000001100
1000001000000001001001001001010000011010001000000000000
1001011000000000000001001001001100000000000001101000000
1010001000000000001001001001000001011001001000000000000
1100000000000000001101001001100000000000000001101001001
1110000000000000001101000001110000000000000001101000001
1010000000000000001101100001010000000000000001101100001
1100000001100100001000000001100000001100100001000000001
1110000000000000001010000011110000000000000001010000011
1100001010100001010000000001001010001000011000001000000
1001000001010000000011010001100000101101100000000000000
1001001010000000000001110001011010001110000000000000000
1101101100000000000000100001100001100100000001000001000
1100001101000001001000000001000000001000000001101110000
1010000011000001000010000011010000011000001000010000011
1110100000010000001000001001110100000010000001000001001
1100001100000000101010000001100001100000000101010000001
1100001001000001001000001001100001001000001001000001001
1001011000000000001011000001001011000000000001011000001
1110101110000000100000000001101101110000000010000000000
1011011000010000000010000011011101010010000000000001000
1011001011010000000000000011101100100100100100000000000
1001001001101101000000000001011010001011010000000000000
1111000100010000000010010001101100001001000000100100000
1100000111110000010000000001100000111110000010000000001
1100000001111010001000000001100000001111010001000000001
1101001001110010000000000001101001001110010000000000001
1111010100010010000000000001111010100010010000000000001
1111101010000000000000000011111101010000000000000000011
1010001000010000011011000011001001001101000001010001000
1011011010101100000000000001001011011001000000001100000
1010001110000001100010000011011010000000000001011010010
1011011010000001000010010001001110000010010000011010000
1001001000000001001011001011000001011010001010000001100
1111010000100100000001010001111010000100100000001010001
1010001000010001011010001001010001000010001011010001001
1010011110010001000010000001010011110010001000010000001
1010001110000001110000001001010001110000001110000001001
1110000000100000000110001111110000000100000000110001111
1010000000000000000000000001010001001101101100000000000
1100101000000000000000000001001100000000000001000000000
1000000000000000001000000001000000000000000000000000000
1100000000000000000100000001000001001000000000000000000
1100000100100000100000000001011011000010000001000001000
1001000000011010001000000001000001110000000001000000100
1010010000000000000000000001001001000000000001110101010
1010001000000000000000000001000000000000000000000000000
1001100000000000000000000001000000000000000001000000000
1001000000000000000000000001100000101000000000100000000
1000000000000000000000000001111011110000000000000000000
1001000001000001001000000001100100001010001001100100000
1001000000000000000000000001101101010001000000100001000
1100000001000000000000000001000001001001010001000000000
1000000000000000000000000001100001001000000001000001000
1110001100000000001011000001011001000000000001011011010
1000001001000000000000000001001000000000000000000000000
1010000001010000000000000001001001001000001001000001000
1111011100000000000000000001000001000000000001010000010
1000000000000000001000000001101100100000000000000000000
